"C:\Users\Sabrina Zheng\AppData\Local\Programs\Python\Python312\python.exe" "C:\Users\Sabrina Zheng\PycharmProjects\CSCI-323-Assignments\Assignment8\Assignment8.py"
Matrix
[[9999 9999 9999 9999 9999 9999   14 9999   84   43]
 [9999 9999 9999 9999   17    6 9999   67 9999   78]
 [9999 9999 9999 9999   12   47   11 9999 9999   55]
 [9999 9999 9999 9999   94   17 9999   61 9999   55]
 [9999 9999 9999   39 9999    4 9999 9999 9999   63]
 [9999    7 9999   67   78 9999   50 9999   66 9999]
 [   8 9999   26 9999 9999 9999 9999 9999   85   94]
 [9999 9999 9999   48 9999 9999 9999 9999   73   46]
 [  66 9999 9999 9999 9999   11   26 9999 9999 9999]
 [9999   68    4 9999 9999 9999 9999 9999 9999 9999]]


 dijkstra_apsp
Dist
[[  0  63  40  91  52  56  14 130  84  43]
 [ 64   0  82  56  17   6  56  67  72  78]
 [ 19  23   0  51  12  16  11  90  82  55]
 [ 75  24  59   0  41  17  67  61  83  55]
 [ 62  11  67  39   0   4  54  78  70  63]
 [ 58   7  76  63  24   0  50  74  66  85]
 [  8  49  26  77  38  42   0 116  85  51]
 [ 69  72  50  48  62  65  61   0  73  46]
 [ 34  18  52  74  35  11  26  85   0  77]
 [ 23  27   4  55  16  20  15  94  86   0]]

Pred
[[-1  5  6  4  2  4  0  1  0  0]
 [ 6 -1  6  4  1  1  5  1  5  1]
 [ 6  5 -1  4  2  4  2  1  5  2]
 [ 6  5  9 -1  1  3  5  3  5  3]
 [ 6  5  9  4 -1  4  5  1  5  4]
 [ 6  5  6  4  1 -1  5  1  5  1]
 [ 6  5  6  4  2  4 -1  1  6  0]
 [ 6  5  9  7  2  3  2 -1  7  7]
 [ 6  5  6  4  1  8  8  1 -1  0]
 [ 6  5  9  4  2  4  2  1  5 -1]]


 bellman_ford_apsp
Dist
[[  0  63  40  91  52  56  14 130  84  43]
 [ 64   0  82  56  17   6  56  67  72  78]
 [ 19  23   0  51  12  16  11  90  82  55]
 [ 75  24  59   0  41  17  67  61  83  55]
 [ 62  11  67  39   0   4  54  78  70  63]
 [ 58   7  76  63  24   0  50  74  66  85]
 [  8  49  26  77  38  42   0 116  85  51]
 [ 69  72  50  48  62  65  61   0  73  46]
 [ 34  18  52  74  35  11  26  85   0  77]
 [ 23  27   4  55  16  20  15  94  86   0]]

Pred
[[-1  5  6  4  2  4  0  1  0  0]
 [ 6 -1  6  4  1  1  5  1  5  1]
 [ 6  5 -1  4  2  4  2  1  5  2]
 [ 6  5  9 -1  1  3  5  3  5  3]
 [ 6  5  9  4 -1  4  5  1  5  4]
 [ 6  5  6  4  1 -1  5  1  5  1]
 [ 6  5  6  4  2  4 -1  1  6  0]
 [ 6  5  9  7  2  3  2 -1  7  7]
 [ 6  5  6  4  1  8  8  1 -1  0]
 [ 6  5  9  4  2  4  2  1  5 -1]]


 floyd_apsp
Dist
[[  0  63  40  91  52  56  14 130  84  43]
 [ 64   0  82  56  17   6  56  67  72  78]
 [ 19  23   0  51  12  16  11  90  82  55]
 [ 75  24  59   0  41  17  67  61  83  55]
 [ 62  11  67  39   0   4  54  78  70  63]
 [ 58   7  76  63  24   0  50  74  66  85]
 [  8  49  26  77  38  42   0 116  85  51]
 [ 69  72  50  48  62  65  61   0  73  46]
 [ 34  18  52  74  35  11  26  85   0  77]
 [ 23  27   4  55  16  20  15  94  86   0]]

Pred
[[-1  5  6  4  2  4  0  1  0  0]
 [ 6 -1  6  4  1  1  5  1  5  1]
 [ 6  5 -1  4  2  4  2  1  5  2]
 [ 6  5  9 -1  1  3  5  3  5  3]
 [ 6  5  9  4 -1  4  5  1  5  4]
 [ 6  5  6  4  1 -1  5  1  5  1]
 [ 6  5  6  4  2  4 -1  1  6  0]
 [ 6  5  9  7  2  3  2 -1  7  7]
 [ 6  5  6  4  1  8  8  1 -1  0]
 [ 6  5  9  4  2  4  2  1  5 -1]]

                         10        20         30          40          50          60          70           80
dijkstra_apsp      0.000000  1.006842   4.077673   10.059834   22.902250   44.051170   75.870991   125.145912
bellman_ford_apsp  0.000000  7.000685  35.533667  110.148191  254.626513  535.399675  984.721661  1630.963802
floyd_apsp         1.505375  0.999689   2.116203    2.994299    6.999969   11.513710   18.807888    27.532816

Process finished with exit code 0
