"C:\Users\Sabrina Zheng\AppData\Local\Programs\Python\Python312\python.exe" "C:\Users\Sabrina Zheng\PycharmProjects\CSCI-323-Assignments\Assignment6\Assignment6.py"
The Convex Hull for the point: [(5, 1), (4, 7), (-3, 6), (-6, 9), (-9, 10), (-10, -2), (2, -8), (4, -7), (4, -6), (7, -9)] is [[4.0, 7.0], [-9.0, 10.0], [-10.0, -2.0], [2.0, -8.0], [7.0, -9.0]]

 ot_rec_main 123.7296
[[-1, -1, 1, 2, 3], [-1, -1, -1, 2, 2], [-1, -1, -1, -1, 3], [-1, -1, -1, -1, -1], [-1, -1, -1, -1, -1]]

 ot_dp_main 123.7296
[[-1, -1, -1, -1, -1], [-1, -1, -1, -1, -1], [-1, -1, -1, -1, -1], [-1, -1, -1, -1, -1], [-1, -1, -1, -1, -1]]

 ot_mem_main 123.7296
[[-1, -1, 1, 2, 3], [-1, -1, -1, 2, 2], [-1, -1, -1, -1, 3], [-1, -1, -1, -1, -1], [-1, -1, -1, -1, -1]]
The Convex Hull for the point: [(4, 6), (3, 10), (2, 9), (-1, 10), (-1, 8), (-3, 10), (-2, 6), (-2, 3), (-7, 9), (-4, -1), (-8, -5), (-6, -9), (-5, -10), (-3, -9), (-1, -7), (-1, -10), (0, -8), (2, -5), (5, -9), (5, -8)] is [[4.0, 6.0], [3.0, 10.0], [-1.0, 10.0], [-7.0, 9.0], [-8.0, -5.0], [-6.0, -9.0], [-5.0, -10.0], [-1.0, -10.0], [5.0, -9.0], [5.0, -8.0]]
The Convex Hull for the point: [(2, 0), (7, 2), (3, 1), (6, 4), (2, 8), (1, 6), (-2, 5), (-4, 10), (-3, 5), (-6, 9), (-7, 9), (-3, 3), (-10, 7), (-5, 3), (-7, 3), (-10, 0), (-6, -1), (-10, -2), (-5, -3), (-2, -3), (-3, -10), (-1, -4), (-2, -10), (-2, -10), (0, -6), (1, -5), (7, -10), (10, -7), (5, -3), (7, -2)] is [[7.0, 2.0], [-10.0, 7.0], [-10.0, -2.0], [-3.0, -10.0], [7.0, -10.0], [10.0, -7.0]]
The Convex Hull for the point: [(10, 1), (10, 1), (6, 1), (6, 2), (9, 3), (3, 2), (9, 7), (9, 8), (5, 5), (4, 5), (5, 7), (2, 4), (2, 6), (2, 6), (2, 7), (2, 9), (1, 6), (-1, 8), (-4, 10), (-4, 7), (-2, 3), (-7, 10), (-5, 7), (-9, 10), (-7, 5), (-7, 4), (-5, -1), (-8, -2), (-5, -2), (-2, -1), (-5, -6), (3, -10), (3, -10), (3, -8), (3, -5), (6, -5), (6, -3), (9, -4), (8, -3), (8, -1)] is [[10.0, 1.0], [-4.0, 10.0], [-9.0, 10.0]]
The Convex Hull for the point: [(7, 1), (10, 4), (9, 8), (4, 4), (6, 7), (6, 10), (3, 7), (3, 8), (2, 8), (-1, 8), (-2, 10), (-3, 10), (-2, 5), (-5, 10), (-8, 9), (-9, 10), (-5, 4), (-10, 8), (-4, 3), (-8, 6), (-7, 5), (-7, 4), (-6, 3), (-9, 4), (-9, 2), (-10, -6), (-8, -6), (-6, -5), (-1, -1), (-4, -4), (-7, -7), (-7, -9), (-5, -7), (-3, -5), (-2, -5), (0, -9), (1, -10), (1, -6), (2, -5), (4, -10), (1, -2), (5, -10), (5, -9), (4, -7), (6, -7), (10, -10), (9, -7), (7, -4), (10, -4), (8, -3)] is [[10.0, 4.0], [-3.0, 10.0], [-10.0, 8.0], [-10.0, -6.0]]
The Convex Hull for the point: [(1, 0), (8, 0), (9, 3), (8, 3), (5, 2), (5, 2), (10, 5), (5, 3), (10, 6), (4, 3), (1, 1), (4, 6), (2, 6), (3, 9), (1, 6), (1, 6), (0, 4), (0, 4), (0, 10), (-2, 10), (-2, 5), (-2, 4), (-6, 9), (-7, 4), (-8, 4), (-10, 3), (-10, 3), (-8, 2), (-10, 2), (-6, 1), (-3, 0), (-4, 0), (-6, 0), (-7, 0), (-10, -1), (-10, -2), (-3, -1), (-7, -4), (-10, -7), (-6, -9), (-5, -8), (-5, -9), (-1, -8), (0, -4), (0, -5), (4, -10), (5, -9), (4, -7), (5, -8), (5, -6), (1, -1), (8, -8), (10, -9), (5, -4), (9, -6), (8, -5), (2, -1), (8, -4), (8, -4), (8, -4)] is [[10.0, 5.0], [1.0, 6.0], [-10.0, 3.0], [-10.0, -7.0], [-6.0, -9.0], [4.0, -10.0], [10.0, -9.0]]
The Convex Hull for the point: [(10, 1), (6, 1), (5, 2), (9, 9), (8, 9), (7, 10), (3, 5), (6, 10), (4, 8), (4, 10), (4, 10), (3, 8), (2, 6), (1, 4), (0, 10), (-1, 6), (-1, 5), (-2, 8), (-3, 9), (-3, 6), (-4, 8), (-8, 9), (-2, 2), (-5, 5), (-6, 6), (-6, 6), (-6, 6), (-8, 6), (-10, 6), (-2, 0), (-2, 0), (-10, 0), (-10, -1), (-7, -2), (-8, -3), (-9, -4), (-5, -3), (-8, -6), (-5, -5), (-8, -8), (-6, -7), (-5, -6), (-7, -10), (-2, -3), (-4, -6), (-4, -9), (-3, -8), (0, -2), (0, -3), (0, -8), (3, -10), (3, -9), (2, -5), (4, -9), (1, -2), (5, -10), (2, -3), (4, -6), (3, -4), (6, -8), (7, -9), (6, -7), (3, -3), (10, -9), (6, -5), (10, -8), (4, -3), (7, -2), (8, -1), (10, -1)] is [[10.0, 1.0], [4.0, 10.0], [-10.0, 6.0], [-8.0, -8.0]]
The Convex Hull for the point: [(0, 0), (7, 0), (9, 2), (6, 2), (4, 2), (10, 5), (10, 6), (3, 2), (5, 4), (9, 9), (2, 3), (2, 3), (4, 6), (4, 7), (3, 7), (4, 10), (1, 3), (2, 6), (0, 6), (0, 9), (-2, 9), (-2, 7), (-2, 7), (-4, 8), (-6, 10), (-6, 10), (-4, 6), (-1, 1), (-6, 6), (-9, 9), (-9, 9), (-4, 3), (-7, 5), (-6, 4), (-5, 2), (-6, 1), (-9, 1), (-6, 0), (-8, -1), (-6, -1), (-10, -2), (-10, -3), (-9, -3), (-8, -4), (-8, -4), (-9, -6), (-9, -8), (-8, -8), (-9, -9), (-9, -9), (-10, -10), (-9, -10), (-5, -6), (-2, -3), (-3, -6), (-3, -6), (0, -1), (1, -10), (1, -10), (1, -10), (2, -9), (3, -10), (2, -5), (4, -7), (6, -9), (8, -9), (2, -2), (3, -3), (9, -8), (8, -6), (6, -4), (5, -3), (8, -4), (10, -4), (9, -3), (9, -3), (7, -2), (4, -1), (10, -2), (8, -1)] is [[10.0, 5.0], [-9.0, 9.0], [-10.0, -2.0], [-10.0, -3.0], [-9.0, -9.0], [-8.0, -8.0], [-8.0, -4.0], [-10.0, -10.0], [1.0, -10.0], [9.0, -8.0], [10.0, -4.0]]
                   10        20   30   40   50        60   70        80
ot_rec_main  0.000000  2.997875  0.0  0.0  0.0  0.000000  0.0  9.001732
ot_dp_main   1.000643  0.000000  0.0  0.0  0.0  0.999451  0.0  0.000000
ot_mem_main  0.000000  0.000000  0.0  0.0  0.0  0.000000  0.0  0.000000

Process finished with exit code 0
