"C:\Users\Sabrina Zheng\AppData\Local\Programs\Python\Python312\python.exe" "C:\Users\Sabrina Zheng\PycharmProjects\CSCI-323-Assignments\Assignment10\Assignment10.py"
                     2         3    4    5    6        7    8    9         10
native_search       0.0  0.000000  0.0  0.0  0.0  0.00000  0.0  0.0  0.000000
brute_force         0.0  0.000000  0.0  0.0  0.0  0.00000  0.0  0.0  0.000000
rabin_karp          0.0  0.000000  0.0  0.0  0.0  0.00000  0.0  0.0  1.066923
knuth_morris_pratt  0.0  0.000000  0.0  0.0  0.0  1.00255  0.0  0.0  0.000000
boyer_moore         0.0  0.999451  0.0  0.0  0.0  0.00000  0.0  0.0  0.000000
+------------+--------+---------------+-------------+------------+--------------------+-------------+
|  Pattern   | Length | native_search | brute_force | rabin_karp | knuth_morris_pratt | boyer_moore |
+============+========+===============+=============+============+====================+=============+
| BL         |      2 |           630 |         630 |        630 |                630 |         630 |
+------------+--------+---------------+-------------+------------+--------------------+-------------+
| TIS        |      3 |           771 |         771 |        771 |                771 |         771 |
+------------+--------+---------------+-------------+------------+--------------------+-------------+
| FREE       |      4 |           415 |         415 |        415 |                415 |         415 |
+------------+--------+---------------+-------------+------------+--------------------+-------------+
| BRAVE      |      5 |           440 |         440 |        440 |                440 |         440 |
+------------+--------+---------------+-------------+------------+--------------------+-------------+
| BANNER     |      6 |           378 |         378 |        378 |                378 |         378 |
+------------+--------+---------------+-------------+------------+--------------------+-------------+
| RESCUED    |      7 |          1420 |        1420 |       1420 |               1420 |        1420 |
+------------+--------+---------------+-------------+------------+--------------------+-------------+
| FOOTSTEP   |      8 |          1053 |        1053 |       1053 |               1053 |        1053 |
+------------+--------+---------------+-------------+------------+--------------------+-------------+
| POLLUTION  |      9 |          1064 |        1064 |       1064 |               1064 |        1064 |
+------------+--------+---------------+-------------+------------+--------------------+-------------+
| DESOLATION |     10 |          1363 |        1363 |       1363 |               1363 |        1363 |
+------------+--------+---------------+-------------+------------+--------------------+-------------+


Process finished with exit code 0
